1.38021
1.38021
1.38021
1.38021
1.38021
1.38021
1.38021
1.38021
1.0607
1.0607
1.0607
0.865301
0.865301
0.865301
0.865301
0.865301
0.865301
0.720159
0.720159
0.60206
0.60206
0.60206
0.60206
0.60206
0.60206
0.60206
0.60206
0.60206
0.500602
0.500602
0.500602
0.500602
0.500602
0.500602
0.500602
0.500602
0.500602
0.410174
0.410174
0.410174
0.410174
0.410174
0.410174
0.410174
0.410174
0.410174
0.410174
0.410174
0.410174
0.410174
0.327359
0.327359
0.327359
0.327359
0.327359
0.327359
0.327359
0.327359
0.327359
0.327359
0.327359
0.327359
0.249877
0.249877
0.249877
0.249877
0.249877
0.249877
0.249877
0.176091
0.176091
0.176091
0.176091
0.176091
0.176091
0.104735
0.104735
0.104735
0.104735
0.104735
0.104735
0.104735
0.104735
0.104735
0.0347621
0.0347621
0.0347621
0.0347621
0.0347621
0.0347621
0.0347621
0.0347621
0.0347621
0.0347621
0.0347621
0.0347621
-0.0347621
-0.0347621
-0.0347621
-0.0347621
-0.0347621
-0.0347621
-0.0347621
-0.0347621
-0.0347621
-0.0347621
-0.0347621
-0.0347621
-0.0347621
-0.104735
-0.104735
-0.104735
-0.104735
-0.104735
-0.104735
-0.104735
-0.104735
-0.104735
-0.104735
-0.104735
-0.104735
-0.104735
-0.104735
-0.104735
-0.104735
-0.104735
-0.104735
-0.104735
-0.104735
-0.104735
-0.104735
-0.104735
-0.104735
-0.104735
-0.104735
-0.104735
-0.104735
-0.176091
-0.176091
-0.176091
-0.176091
-0.176091
-0.176091
-0.176091
-0.176091
-0.176091
-0.176091
-0.176091
-0.176091
-0.176091
-0.176091
-0.249877
-0.249877
-0.249877
-0.249877
-0.249877
-0.249877
-0.249877
-0.249877
-0.249877
-0.249877
-0.249877
-0.249877
-0.249877
-0.327359
-0.327359
-0.327359
-0.327359
-0.327359
-0.327359
-0.327359
-0.327359
-0.327359
-0.327359
-0.327359
-0.327359
-0.327359
-0.327359
-0.327359
-0.327359
-0.327359
-0.327359
-0.410174
-0.410174
-0.410174
-0.410174
-0.410174
-0.410174
-0.410174
-0.410174
-0.410174
-0.410174
-0.410174
-0.410174
-0.410174
-0.410174
-0.410174
-0.410174
-0.410174
-0.410174
-0.410174
-0.410174
-0.410174
-0.410174
-0.410174
-0.410174
-0.410174
-0.410174
-0.410174
-0.410174
-0.410174
-0.410174
-0.410174
-0.410174
-0.410174
-0.410174
